0.00 0.60 0.60 0.58 0.57 0.56 0.55 0.54 0.50 0.48 0.41 0.31 0.24 0.19 0.14 0.13 0.26 0.29 0.20 0.60
0.02 0.61 0.60 0.59 0.58 0.56 0.55 0.53 0.50 0.47 0.40 0.31 0.23 0.18 0.13 0.12 0.25 0.29 0.20 0.61
0.03 0.62 0.62 0.61 0.60 0.57 0.55 0.53 0.48 0.45 0.38 0.29 0.21 0.15 0.11 0.11 0.22 0.27 0.19 0.62
0.05 0.64 0.65 0.66 0.64 0.60 0.56 0.51 0.46 0.42 0.34 0.23 0.14 0.09 0.06 0.07 0.18 0.25 0.18 0.64
0.075 0.63 0.64 0.66 0.66 0.62 0.57 0.51 0.45 0.41 0.32 0.21 0.12 0.06 0.03 0.05 0.15 0.22 0.13 0.63
0.10 0.60 0.60 0.61 0.63 0.63 0.59 0.53 0.46 0.43 0.33 0.23 0.14 0.09 0.05 0.07 0.15 0.21 0.14 0.60
0.15 0.55 0.54 0.54 0.56 0.57 0.59 0.54 0.48 0.46 0.36 0.25 0.17 0.13 0.10 0.09 0.19 0.23 0.16 0.55
0.20 0.53 0.51 0.49 0.50 0.52 0.57 0.57 0.53 0.51 0.43 0.34 0.26 0.22 0.18 0.17 0.28 0.30 0.23 0.53
0.25 0.49 0.47 0.44 0.45 0.46 0.51 0.55 0.55 0.53 0.48 0.40 0.34 0.30 0.25 0.24 0.33 0.33 0.25 0.49
0.30 0.45 0.43 0.39 0.39 0.42 0.49 0.52 0.52 0.56 0.51 0.44 0.39 0.36 0.31 0.27 0.34 0.29 0.22 0.45
0.40 0.39 0.37 0.33 0.32 0.34 0.41 0.46 0.49 0.53 0.54 0.50 0.45 0.43 0.38 0.34 0.42 0.34 0.24 0.39
0.50 0.36 0.33 0.28 0.27 0.29 0.36 0.42 0.48 0.52 0.56 0.55 0.51 0.49 0.44 0.39 0.46 0.37 0.26 0.36
0.75 0.22 0.19 0.13 0.13 0.17 0.25 0.33 0.41 0.45 0.50 0.52 0.56 0.55 0.50 0.46 0.49 0.40 0.29 0.22
1.00 0.15 0.11 0.06 0.06 0.10 0.19 0.26 0.33 0.40 0.44 0.48 0.52 0.55 0.53 0.47 0.50 0.41 0.31 0.15
1.50 0.08 0.05 -0.01 -0.02 0.03 0.12 0.21 0.27 0.34 0.39 0.44 0.48 0.54 0.57 0.52 0.54 0.47 0.43 0.08
2.00 0.07 0.04 -0.01 -0.02 0.02 0.10 0.18 0.24 0.30 0.37 0.43 0.47 0.53 0.56 0.55 0.60 0.51 0.49 0.07
3.00 0.09 0.07 0.02 -0.01 0.02 0.09 0.16 0.22 0.27 0.38 0.42 0.45 0.49 0.55 0.54 0.61 0.52 0.44 0.09
4.00 0.06 0.05 0.01 -0.04 -0.01 0.05 0.13 0.18 0.23 0.33 0.36 0.40 0.41 0.48 0.46 0.62 0.54 0.46 0.06
5.00 0.09 0.08 0.04 -0.01 0.00 0.06 0.12 0.20 0.24 0.30 0.32 0.36 0.38 0.45 0.44 0.57 0.48 0.41 0.09