0.05 0.573 0.546 0.497 0.448 0.401 0.349 0.28 0.086 -0.058 -0.078 -0.081 -0.09 -0.083 -0.103 -0.085 0.156 0.359 -0.365 -0.388
0.1 0.554 0.576 0.508 0.432 0.344 0.263 0.172 -0.067 -0.21 -0.224 -0.225 -0.229 -0.223 -0.235 -0.208 0.028 0.34 -0.443 -0.458
0.15 0.562 0.583 0.564 0.505 0.398 0.318 0.226 0.006 -0.127 -0.142 -0.137 -0.134 -0.124 -0.138 -0.121 0.106 0.331 -0.39 -0.43
0.2 0.535 0.544 0.548 0.544 0.462 0.398 0.321 0.106 -0.023 -0.034 -0.035 -0.037 -0.029 -0.056 -0.056 0.19 0.316 -0.325 -0.374
0.3 0.486 0.475 0.499 0.525 0.542 0.504 0.467 0.28 0.163 0.142 0.141 0.129 0.137 0.101 0.084 0.333 0.323 -0.178 -0.244
0.4 0.425 0.384 0.423 0.473 0.523 0.562 0.566 0.435 0.336 0.313 0.302 0.29 0.304 0.265 0.239 0.447 0.25 -0.046 -0.094
0.5 0.38 0.322 0.365 0.421 0.506 0.583 0.624 0.543 0.453 0.43 0.411 0.392 0.396 0.354 0.326 0.529 0.229 0.016 -0.046
1.0 0.191 0.125 0.19 0.261 0.377 0.462 0.554 0.718 0.681 0.651 0.63 0.607 0.61 0.539 0.468 0.572 0.078 0.304 0.241
1.5 0.131 0.075 0.153 0.236 0.338 0.433 0.525 0.74 0.769 0.758 0.748 0.724 0.717 0.643 0.549 0.586 0.053 0.393 0.324
2.0 0.128 0.076 0.156 0.234 0.328 0.417 0.51 0.729 0.787 0.803 0.796 0.77 0.761 0.691 0.601 0.588 0.066 0.421 0.364
3.0 0.12 0.07 0.149 0.23 0.316 0.407 0.506 0.719 0.795 0.813 0.825 0.81 0.801 0.738 0.64 0.584 0.053 0.433 0.385
4.0 0.101 0.062 0.145 0.226 0.305 0.39 0.481 0.696 0.788 0.81 0.831 0.83 0.826 0.769 0.671 0.586 0.035 0.468 0.414
5.0 0.106 0.074 0.157 0.232 0.308 0.381 0.465 0.669 0.762 0.791 0.817 0.825 0.832 0.785 0.692 0.584 0.041 0.468 0.417
7.5 0.107 0.083 0.158 0.214 0.285 0.34 0.41 0.591 0.677 0.714 0.743 0.755 0.769 0.741 0.655 0.517 0.043 0.436 0.386
10.0 0.09 0.073 0.132 0.167 0.217 0.255 0.306 0.466 0.532 0.566 0.594 0.605 0.629 0.62 0.56 0.405 0.018 0.393 0.375