0.01 -0.45 0.96 0.08 0.95 0.52
0.02 -0.45 0.97 0.07 0.95 0.52
0.03 -0.45 1.01 0.05 0.97 0.52
0.05 -0.46 1.07 0.01 1.01 0.53
0.075 -0.51 1.14 -0.02 1.07 0.55
0.1 -0.52 1.18 -0.02 1.08 0.54
0.15 -0.59 1.10 -0.02 1.08 0.50
0.2 -0.64 1.02 -0.03 1.01 0.46
0.25 -0.62 0.96 -0.06 0.97 0.45
0.3 -0.46 0.93 0.01 0.95 0.45
0.4 -0.43 0.90 0.03 0.89 0.45
0.5 -0.32 0.91 0.08 0.91 0.49
0.75 -0.14 0.93 0.18 0.86 0.50
1 -0.10 0.88 0.21 0.87 0.46
1.5 -0.12 0.84 0.14 1.00 0.41
2 -0.07 0.90 0.08 1.04 0.47
3 0.13 0.88 0.11 1.10 0.41
4 0.16 0.88 -0.02 1.08 0.34
5 0.16 0.92 -0.19 1.03 0.36
6 0.16 0.98 -0.32 1.02 0.36
7.5 0.05 1.04 -0.49 1.06 0.34
10 -0.32 1.09 -0.69 1.01 0.22